337
355
335
336
341
335
336
341
337
355
355
343
341
341
340
342
344
347
349
349
353
355
359
368
361
372
382
398
404
368
368
362
363
363
362
361
358
359
361
366
372
376
381
382
383
382
387
387
390
392
396
399
399
383
555
415
407
402
399
393
394
392
396
400
401
403
403
405
404
405
408
411
409
416
418
414
413
411
409
416
418
414
413
415
417
413
424
428
430
433
436
495
314
264
268
274
276
279
279
279
283
283
285
286
289
288
288
291
288
290
289
290
294
297
299
301
304
306
310
309
309
312
314
316
315
352
323
322
320
320
319
313
315
316
321
325
331
334
347
340
410
480
484
390
380
393
283
368
325
268
270
280
280
283
282
281
281
281
285
288
290
295
303
302
308
310
312
312
318
317
318
320
317
319
317
319
321
321
321
319
316
320
319
322
325
328
338
338
344
346
347
348
348
349
352
351
353
355
356
355
356
359
484
311
353
404
436
449
556
477
558
403
384
448
474
394
396
401
467
488
506
514
517
518
402
455
471
479
447
450
456
461
481
482
502
533
548
541
545
548
547
551
550
559
296
297
295
291
282
428
436
271
271
273
303
296
288
324
401
333
303
299
320
298
350
338
342
368
387
389
433
416
321
338
370
298
271
271
274
276
279
282
283
286
285
284
284
285
289
289
289
290
289
293
291
291
294
293
291
287
281
287
291
293
293
296
300
302
303
307
312
307
313
313
314
313
312
318
324
320
322
322
324
317
314
303
305
306
308
319
330
335
337
336
339
339
338
340
340
341
342
347
349
348
349
349
347
335
342
343
342
340
342
343
348
350
353
352
352
355
353
354
357
357
357
356
354
357
356
356
357
348
345
346
347
348
350
355
361
362
365
365
365
368
369
368
369
371
373
370
376
370
370
372
369
361
358
358
358
363
364
366
370
374
373
376
380
380
381
383
380
380
383
381
383
380
382
381
380
373
369
367
374
377
380
383
387
388
390
388
393
391
393
395
395
396
394
396
394
397
396
395
392
387
388
387
386
392
393
395
400
401
403
407
404
401
397
407
406
406
404
404
405
404
404
404
403
407
404
401
399
401
441
505
580
584
574
539
569
569
569
570
349
337
338
340
339
343
344
346
346
337
342
349
356
369
376
383
376
384
385
396
486
488
535
539
508
500
508
477
495
483
452
396
378
375
384
385
388
391
397
399
403
404
406
405
406
407
401
403
407
405
405
408
410
408
409
408
406
411
411
417
422
427
430
431
429
430
431
430
430
426
424
419
425
420
419
421
426
421
421
428
426
430
437
442
450
450
449
448
449
449
454
445
451
449
447
446
449
449
443
449
444
666
634
669
699
762
812
732
654
750
715
412
363
377
418
424
436
403
376
375
377
380
384
381
386
360
355
325
383
425
431
478
458
446
349
355
352
308
365
369
368
370
371
372
373
857
379
379
376
376
376
387
382
384
388
388
387
394
399
400
338
384
388
388
391
381
388
390
392
396
399
397
395
400
403
396
397
390
394
395
397
397
396
396
398
402
401
402
403
401
400
489
956
453
483
476
573
557
524
496
522
604
492
514
562
557
586
576
624
601
580
604
625
615
415
388
348
346
345
346
348
350
346
348
347
338
339
341
342
351
355
358
364
370
369
371
373
372
370
374
377
374
375
379
381
373
375
375
374
370
374
374
379
380
385
384
387
392
390
391
395
394
394
395
395
396
398
395
395
399
396
395
395
392
391
393
375
472
382
383
387
390
389
389
395
397
396
397
399
399
399
395
395
393
394
398
399
395
388
396
395
397
404
401
406
407
408
410
410
410
413
411
412
411
414
413
415
415
415
416
416
408
411
411
413
416
417
418
419
421
414
410
409
408
407
407
406
412
410
412
410
412
415
415
415
411
410
412
417
425
425
477
492
470
416
383
388
388
392
392
397
403
404
405
417
413
423
410
410
394
401
401
407
412
414
412
417
417
421
422
421
422
427
422
424
424
425
422
425
428
428
426
427
442
445
447
449
453
455
455
458
457
457
459
461
459
461
460
460
462
459
461
459
460
460
460
457
462
466
471
478
476
477
476
477
477
475
476
477
473
476
474
475
474
472
474
471
475
471
462
467
468
474
480
489
485
485
484
596
396
550
388
390
393
384
390
393
398
394
399
404
403
402
410
410
408
410
409
426
431
436
438
440
442
448
448
447
447
519
487
499
582
562
583
448
443
452
480
473
521
474
430
421
435
398
398
405
407
412
411
409
414
417
412
412
419
604
659
658
659
624
628
611
573
531
423
423
429
429
526
494
441
441
443
445
448
446
453
449
448
451
453
448
451
451
448
449
438
437
446
455
458
458
458
460
460
461
491
467
465
466
464
465
463
465
465
464
466
466
463
463
463
465
471
481
481
479
411
408
408
403
395
399
395
396
400
397
396
394
394
377
395
385
390
392
396
407
445
473
467
461
447
444
448
446
441
440
435
436
437
436
438
438
436
436
431
430
429
430
436
452
489
493
490
491
484
484
481
476
476
475
474
474
473
475
476
632
592
746
687
528
537
361
429
349
416
382
399
423
461
527
541
510
534
530
476
434
442
423
433
435
415
396
384
395
394
392
381
433
421
369
374
394
393
399
402
401
403
403
404
406
408
615
875
571
430
425
410
426
417
421
409
486
413
419
422
425
425
428
428
429
429
430
429
431
433
431
429
431
431
429
423
420
426
431
431
426
433
437
440
440
438
444
445
443
446
527
662
539
420
551
654
627
586
582
587
627
603
611
636
583
566
516
431
364
353
351
352
349
353
353
352
349
361
361
360
362
360
353
354
356
362
363
352
486
404
364
370
360
360
362
364
365
338
365
365
371
378
375
374
373
369
376
374
371
376
361
361
358
358
360
367
371
376
379
378
377
381
382
384
386
385
385
380
377
379
384
383
384
383
389
380
383
390
394
399
401
402
400
404
405
405
405
407
414
414
417
417
409
413
401
418
405
411
407
410
406
405
409
412
412
421
422
425
425
442
469
454
420
431
419
416
432
421
434
434
431
419
431
420
417
425
427
432
411
410
412
423
425
424
426
429
431
428
427
434
428
427
438
433
424
431
431
432
429
430
435
441
442
440
444
446
447
449
448
447
445
448
450
447
449
451
449
447
450
451
448
451
446
451
453
455
456
454
457
458
459
458
458
460
460
458
458
458
455
466
454
453
458
453
458
455
454
459
463
463
465
463
464
464
467
464
465
468
462
464
470
466
463
462
476
461
462
463
467
464
463
464
466
470
466
466
468
468
469
472
470
468
471
470
472
468
468
470
467
479
467
468
466
470
468
468
472
471
471
471
473
473
473
472
475
473
472
475
475
473
472
472
472
468
470
470
473
472
471
473
474
475
475
475
475
475
475
477
476
476
476
475
475
475
476
478
475
481
474
477
473
473
475
478
477
478
477
476
474
479
477
479
481
480
481
481
481
480
479
481
482
474
478
477
477
477
478
479
479
480
481
423
418
432
417
430
430
432
431
426
430
429
432
428
429
431
427
432
429
429
337
355
335
336
341
335
336
341

