24
23.75
23.56
23.31
23.19
22.94
22.81
22.75
22.75
22.87
23.44
24.31
25.19
25.44
25.94
26.25
26.25
26.06
25.94
25.69
25.5
25.31
25.19
25
24.81
24.56
24.44
24.31
24.19
24
23.75
23.56
23.37
23.25
23.75
24.5
25.25
26
26.44
26.56
26.25
25.87
25.56
25.31
25
24.75
24.44
24.25
24.06
23.87
23.69
23.5
23.31
23.06
22.94
22.87
22.75
22.75
23.19
23.56
24.5
25.44
26
26.25
25.87
25.62
25.37
25.12
24.81
24.56
24.31
24.12
24
23.75
23.56
23.37
23.19
23
22.81
22.69
22.62
22.62
23.31
24.25
25.06
25.81
26.31
26.37
26.19
26
25.75
21.62
22.87
23.19
23.25
23.31
23.25
23.19
23.12
22.94
22.81
22.75
22.69
22.69
22.75
22.87
23.37
23.81
24.25
25
25.69
26
26
25.62
25.31
25.06
24.75
24.56
24.31
24.06
23.87
23.62
23.37
23.19
23
22.87
22.75
22.69
22.69
22.81
23.25
23.94
24.5
25.19
25.62
25.5
25.25
25.19
25
24.94
24.75
24.56
24.37
24.25
24.06
23.75
23.31
22.25
22.12
22.31
22.31
22.31
22.37
22.56
23
23.81
24.44
25
25.19
25.12
24.94
24.56
24.12
23.81
23.44
23.12
22.87
22.56
22.37
22.12
21.87
21.75
21.56
21.44
21.31
21.19
21.12
21.12
21.56
22.31
22.69
23.12
23.56
23.69
23.69
23.56
23.37
23.12
22.81
22.62
22.37
22.19
22
21.81
21.62
21.5
21.37
21.19
21.12
21.12
21.12
21.25
21.25
21.31
21.5
22.12
22.37
22.62
22.75
22.81
22.75
22.69
22.5
22.31
22.25
22.06
22
21.81
21.75
21.56
21.5
21.44
21.31
21.25
21.19
21.19
21.25
21.44
21.69
21.81
22.06
22.25
22.37
22.5
22.44
22.37
22.31
22.12
22
21.87
21.75
21.62
21.56
21.44
21.37
21.31
21.25
21.19
21.19
21.31
21.81
22.69
23
22.62
22.37
22.5
22.69
22.44
22.31
22.19
22.06
21.87
21.62
21.56
21.56
21.5
21.37
21.37
21.25
21.19
21.12
21.12
21.19
21.37
21.75
22.62
23.5
24.25
24.62
24.62
24.5
24.25
24.06
23.94
23.69
23.5
23.31
23.06
22.81
22.62
22.44
22.19
22.06
21.87
21.69
21.56
21.5
21.5
21.94
22.62
23.44
23.81
23.94
24.12
24
23.81
23.69
23.5
23.37
23.19
23
22.75
22.62
22.5
22.31
22.19
21.94
21.81
21.69
21.62
21.62
21.62
22
22.75
23.5
24.19
24.5
24.5
24.44
24.25
24.06
23.87
23.69
23.44
23.25
23
22.94
22.81
22.69
22.5
22.37
22.12
21.94
21.81
21.75
21.81
22.19
22.62
22.87
23.25
23.62
23.87
23.81
23.81
23.69
23.56
23.37
23.19
23.06
22.94
22.81
22.69
22.62
22.5
22.37
22.25
22.19
22.19
22.12
22.19
22.62
23.37
24.12
24.81
25.19
25.31
25.12
24.94
24.69
24.44
24.25
24
23.75
23.44
23.25
23
22.81
22.56
22.37
22.19
22
21.87
21.81
21.81
22.31
23.12
23.75
24.31
24.62
24.81
24.69
24.62
24.5
24.31
24.12
23.94
23.69
23.5
23.31
23.19
23
22.87
22.69
22.5
22.37
22.37
22.31
22.44
22.94
23.69
24.5
25
25.31
25.25
25.12
24.87
24.62
24.37
24.12
23.87
23.69
23.5
23.31
23.12
22.94
22.75
22.62
22.37
22.25
22.19
22.19
22.19
22.69
23.06
23.62
24.31
24.81
24.87
24.81
24.62
24.44
24.31
24.06
23.87
23.69
23.44
23.19
23
22.87
22.69
22.56
22.5
22.37
22.37
22.37
22.56
22.56
22.62
22.69
23.37
24.06
23.94
23.87
23.87
23.87
23.81
23.69
23.44
23.19
22.94
22.69
22.56
22.37
22.19
22
21.87
21.69
21.62
21.62
21.69
22.12
22.94
23.75
24.56
25.19
25.25
25.06
24.81
24.5
24.25
24
23.69
23.44
23.25
23
22.81
22.62
22.44
22.25
22.06
22
22
22
22.12
22.56
23.31
24.12
24.81
25.56
25.69
25.5
25.44
25.25
25.12
24.87
24.69
24.44
24.25
24.06
23.81
23.62
23.44
23.19
23
22.81
22.75
22.69
22.69
23.19
23.87
24.87
25.62
26.12
26
25.81
25.56
25.19
25
24.87
24.69
24.5
24.25
24.06
23.87
23.69
23.56
23.44
23.25
23.12
23
22.94
23
23.12
23.31
23.56
24.5
25.25
25.31
25.25
25.12
25
24.87
24.62
24.44
24.25
24.06
23.94
23.75
23.62
23.44
23.25
23.19
23
23
22.94
23
23.31
23.56
23.62
23.62
23.81
23.81
23.56
23.31
23.25
23.12
23
22.81
22.69
22.5
22.31
22.06
21.87
21.75
21.62
21.5
21.37
21.31
21.31
21.31
21.44
21.62
21.87
22.06
22.19
22.31
22.31
22.25
22.19
22.06
21.94
21.75
21.62
21.44
21.31
21.19
21.06
20.94
20.75
20.56
20.44
20.44
20.44
20.5
21
21.62
22.19
23.06
23.25
23.31
23.19
23.06
22.87
22.75
22.5
22.31
22.12
21.94
21.75
21.56
21.37
21.25
21.12
20.94
20.75
20.69
20.75
20.87
21.25
21.87
22.19
22.44
22.5
22.5
22.69
22.69
22.69
22.62
22.5
22.31
22.19
22.06
21.94
21.81
21.44
20.69
20.5
20.44
20.44
20.44
20.5
20.56
20.06
19.87
20.19
20.87
21.44
21.69
21.75
21.75
21.75
21.56
21.31
21.19
21
20.81
20.62
20.44
20.25
20.06
19.94
19.81
19.69
19.62
19.75
19.75
20.12
20.62
21.25
22.25
22.87
22.81
22.69
22.5
22.25
22.06
21.87
21.69
21.5
21.37
21.25
21.06
20.87
20.75
20.56
20.5
20.37
20.31
20.25
20.25
20.69
21.25
22
22.69
23.25
23.19
23.06
22.81
22.62
22.5
22.31
22.19
22.06
21.94
21.87
21.81
21.69
21.56
21.44
21.25
21.12
21.06
21.06
21.12
21.56
22.06
22.5
22.81
23.19
23.44
23.44
23.37
23.31
23.12
23
22.87
22.62
22.44
22.25
22.06
21.81
21.69
21.44
21.37
21.31
21.25
21.31
21.37
21.56
21.87
22.37
23.31
23.81
23.81
23.69
23.62
23.44
23.31
23.06
22.81
22.62
22.5
22.31
22.12
21.94
21.75
21.56
21.37
21.25
21.12
21.06
21.12
21.56
22.19
22.94
23.87
24.44
24.5
24.44
24.37
24.25
24.12
23.87
23.69
23.44
23.25
23.06
22.87
22.69
22.5
22.31
22.12
21.94
21.81
21.75
21.81
22.25
22.87
23.56
24.56
24.75
24.87
24.81
24.62
24.44
24.25
24.06
23.75
23.56
23.31
23.12
22.94
22.69
22.5
22.31
22.19
21.87
21.81
21.75
21.69
22.12
22.87
23.62
24.62
24.94
24.94
24.94
24.81
24.69
24.44
24.25
24.06
23.87
23.62
23.5
23.25
23.12
22.94
22.69
22.56
22.37
22.25
22.19
22.19
22.62
23.25
23.81
24.44
24.75
24.94
25
25.06
24.94
24.75
24.56
24.37
24.25
24.06
23.87
23.69
23.44
23.31
23.12
23
22.87
22.81
22.81
22.75
23.12
23.69
24.56
25.69
26
26.19
26.12
25.87
25.62
25.5
25.25
25
24.75
24.44
24.19
23.94
23.69
23.5
23.25
23.06
22.87
22.75
22.69
22.69
23.06
23.69
24.62
25.75
26.12
26.19
26.12
25.62
25.62
25.56
25.37
25.19
25
24.75
24.56
24.37
24.12
23.87
23.69
23.44
23.25
23.06
23
23.06
23.25
23.69
24.31
25.06
25.37
25.44
25.37
25.25
25.06
24.75
24.5
24.31
24.12
23.69
22.75
22.62
22.5
22.31
22.12
22
21.87
21.87
21.75
21.62
21.62
21.69
21.81
22
22.25
22.37
22.31
22.19
22.06
21.87
21.69
21.56
21.37
21.19
21
20.81
20.62
20.5
20.31
20.19
20.12
20.06
20
19.87
19.94
20.31
21
21.81
21.94
21.94
21.81
21.75
21.56
21.37
21.19
21
20.81
20.56
20.37
20.19
20.06
19.75
19.56
19.37
19.19
19.06
19
18.94
19.12
19.62
20.56
21.5
21.69
21.75
21.69
21.62
21.56
21.37
21.25
21.06
20.81
20.62
20.5
20.25
20.06
19.87
19.75
19.56
19.37
19.31
19.31
19.25
19.37
19.87
21
21.94
22.25
22.25
22.25
22.19
22.06
21.87
21.62
21.44
21.25
21.06
20.94
20.75
20.5
20.31
20.12
19.87
19.75
19.56
19.56
19.56
19.75
20.31
21.5
22.5
22.75
22.94
22.87
22.81
22.69
22.56
22.37
22.12
21.94
21.69
21.5
21.25
21.06
20.94
20.69
20.5
20.31
20.25
20.12
20.12
20.31
20.94
22
23.06
23.37
23.5
23.44
23.37
23.31
23.12
22.94
22.69
22.56
22.37
22.19
22.12
21.94
21.56
21.31
21.06
20.87
20.69
20.56
19.87
19.69
19.5
19.06
18.94
19
19.19
19.31
19.44
19.44
19.5
19.37
19.25
19.12
19.06
18.94
18.87
18.75
18.62
18.44
18.31
18.19
18.12
18.19
18.25
18.31
18.69
19.62
20.44
20.69
20.87
21
20.81
20.69
20.5
20.31
20.06
19.94
19.81
19.62
19.5
19.31
19.19
19
18.87
18.69
18.62
18.5
18.44
18.44
18.75
19.37
19.87
20
20.06
20
19.87
19.69
19.5
19.37
19.19
19
18.81
18.62
18.44
18.25
18.06
17.87
17.69
17.5
17.37
17.25
17.19
17.31
17.81
18.75
19.25
19.44
19.44
19.44
19.31
19.19
19.06
18.94
18.69
18.31
18.19
18
17.81
17.75
17.75
17.62
17.56
17.44
17.37
17.37
17.37
17.5
17.81
18.69
19.37
19.5
19.5
19.37
19.19
19.06
18.94
18.75
18.62
18.44
18.31
18.12
18
17.81
17.69
17.56
17.44
17.31
17.25
17.12
17.19
17.19
17.25
17.37
17.56
17.69
17.81
17.87
17.87
17.87
17.75
17.62
17.44
17.37
17.25
17.19
17.12
17
16.87
16.81
16.75
16.75
16.62
16.62
16.69
16.75
17
17.56
18.06
18.19
18.12
18.06
17.94
17.75
17.62
17.44
17.25
17.12
16.94
16.81
16.62
16.44
16.31
16.12
16
15.94
15.81
15.81
15.75
15.75
16.06
16.37
16.56
16.75
16.94
17
17.12
17.12
17.12
17.12
17.06
17
16.87
16.75
16.62
16.5
16.37
16.19
16.12
16
16
15.94
16
16.06
16.37
17
17.44
17.75
17.94
18.12
18.12
18.12
18.06
18
17.87
17.81
17.69
17.5
17.44
17.31
17.19
17.06
16.87
16.87
16.81
16.75
16.81
16.81
17.19
18.12
18.75
18.87
18.87
18.87
18.81
18.69
18.56
18.37
18.19
18
17.75
17.56
17.37
17.12
17
16.75
16.62
16.44
16.25
16.19
16.12
16.12
16.62
17.62
18.19
18.37
18.44
18.5
18.44
18.37
18.19
18.06
17.94
17.75
17.62
17.5
17.44
17.31
17.12
17
16.75
16.62
16.5
16.44
16.37
16.5
17
17.94
18.56
18.75
18.81
18.87
18.75
18.62
18.5
18.31
18.19
18
17.81
17.62
17.5
17.31
17.06
16.94
16.75
16.62
16.5
16.44
16.44
16.5
17.06
18.12
18.81
19
19
19.06
19
18.87
18.75
18.56
18.37
18.19
18
17.81
17.69
17.44
17.31
17.06
16.87
16.75
16.62
16.5
16.5
16.62
17.25
18.19
18.75
18.94
19
19
18.87
18.75
18.56
18.31
18.12
17.94
17.75
17.56
17.37
17.12
16.94
16.75
16.62
16.44
16.37
16.31
16.31
16.37
16.94
18.06
18.75
18.94
19
19
18.87
18.75
18.56
18.37
18.12
17.94
17.75
17.5
17.31
17.12
16.94
16.69
16.56
16.37
16.25
16.12
16.12
16.31
17
17.94
18.37
18.62
18.69
18.81
18.75
18.62
18.5
18.37
18.12
18
17.81
17.69
17.5
17.37
17.19
17
16.81
16.69
16.5
16.5
16.44
16.56
17.19
18.12
18.69
18.81
18.87
18.81
18.75
18.62
18.44
18.19
17.94
17.69
17.44
17.19
17.06
16.81
16.56
16.37
16.19
16
15.81
15.75
15.75
15.81
16.37
17.56
18.12
18.37
18.5
18.5
18.5
18.37
18.25
18
17.87
17.62
17.44
17.31
17.06
16.87
16.69
16.5
16.31
16.12
16
15.94
15.94
24.19
24
23.75
23.56
23.31
23.19
22.94
22.81
22.75

